2332
148
939
625
375
939
375
375
201
897
625
201
201
201
375
375
375
375
619
375
625
375
375
619
201
939
375
939
201
375
375
375
619
375
625
625
375
201
201
625
375
375
375
625
375
375
625
625
375
625
619
201
939
897
201
375
625
897
375
939
625
375
375
625
939
201
625
201
375
375
201
375
201
375
201
375
201
619
939
375
375
375
939
897
201
375
375
939
625
625
375
939
375
201
625
375
201
201
201
625
375
897
897
375
375
201
939
375
939
375
375
201
201
375
375
375
897
375
375
201
201
625
201
201
625
625
939
375
375
625
625
201
625
375
625
939
619
375
201
625
201
625
939
375
897
201
375
375
625
375
