1224
180
530
479
479
813
624
530
479
530
479
479
617
943
612
943
530
530
624
617
137
530
617
943
530
624
943
624
530
943
943
530
530
530
624
530
530
943
617
612
624
530
612
624
943
530
617
479
624
530
612
530
624
530
530
530
530
530
530
530
479
612
943
624
530
813
624
612
943
530
530
530
530
943
813
943
530
530
612
530
617
479
617
530
624
530
530
624
617
530
530
530
530
530
530
530
530
530
943
612
530
530
617
624
624
530
530
479
617
530
530
479
137
479
813
530
530
813
943
624
943
943
624
624
530
624
617
624
624
612
530
617
617
624
943
624
624
530
479
479
943
530
530
530
624
479
530
943
530
624
624
530
624
479
530
530
479
530
137
617
479
617
530
612
479
479
479
813
617
530
617
530
479
943
943
530
479
530
617
530
624
624
