2321
131
214
440
214
463
440
99
214
463
463
99
214
214
214
463
99
463
463
214
214
742
742
214
214
395
395
214
463
99
463
214
214
214
742
742
463
742
395
214
742
463
395
214
395
214
214
214
214
214
214
463
214
463
214
214
214
463
214
463
99
463
440
214
214
214
214
214
214
395
214
463
440
214
214
214
395
99
463
214
742
214
214
742
99
99
214
99
214
463
214
214
463
463
214
487
214
742
214
99
440
214
463
214
214
395
214
214
463
214
214
395
214
214
99
463
214
395
463
463
742
99
742
214
463
214
214
214
742
742
214
99
99
