1524
174
482
498
498
498
498
498
498
482
498
777
498
498
482
498
482
498
482
498
482
482
482
498
498
498
498
498
498
498
498
498
482
498
482
482
642
498
498
498
647
498
498
482
647
498
482
498
642
642
956
498
498
482
647
498
498
498
777
482
498
482
482
498
498
498
498
482
498
482
498
498
647
498
498
498
498
498
482
498
498
482
498
482
777
642
642
498
498
498
642
642
482
498
482
482
498
498
498
498
498
777
498
482
498
642
647
647
647
482
498
482
498
642
498
498
498
498
498
498
498
498
482
956
498
498
642
482
498
498
498
498
647
498
482
647
498
498
498
642
482
498
482
482
498
647
498
498
777
482
642
642
498
647
482
642
498
498
498
498
956
498
642
482
482
498
498
498
498
498
498
642
482
498
482
482
