2658
161
778
661
414
490
131
778
490
490
661
490
45
45
414
45
490
45
490
778
490
490
131
131
414
490
661
490
490
490
45
490
490
490
131
490
490
414
414
131
490
490
490
490
778
490
490
490
778
490
490
45
778
661
490
778
490
778
131
490
230
778
778
45
490
778
490
661
45
490
778
490
490
778
414
778
45
490
131
45
230
131
778
230
778
45
778
45
490
661
778
230
230
778
490
414
661
490
490
778
778
131
490
490
490
490
45
131
490
490
414
414
490
131
45
778
490
490
414
490
778
131
490
490
778
490
490
230
45
414
490
414
778
778
131
778
45
490
490
490
490
778
490
490
490
45
490
230
490
778
131
490
490
490
131
778
131
131
230
45
490
490
490
