1234
150
210
385
875
100
230
100
210
100
100
875
230
100
100
100
385
875
210
100
230
875
210
230
385
100
210
210
875
100
385
100
875
875
210
230
100
210
875
875
210
210
100
230
100
100
875
230
385
875
210
100
100
875
385
230
100
210
210
100
385
875
100
100
875
385
230
875
100
210
230
100
100
875
210
385
100
100
100
230
875
210
100
100
100
210
875
385
230
210
100
100
100
875
385
230
210
100
100
210
230
100
100
875
875
385
100
230
875
100
100
210
210
230
100
100
875
100
385
100
875
230
210
100
100
875
210
230
100
210
100
100
875
875
385
230
100
210
100
875
385
230
100
100
210
210
875
875
100
230
100
210