1530
178
497
168
159
497
497
497
497
368
497
168
497
497
168
497
168
933
168
168
497
933
159
168
947
168
933
497
933
497
497
497
159
497
497
497
810
497
159
497
933
497
497
159
497
168
933
159
497
497
368
168
159
159
947
159
810
168
497
497
947
947
497
168
497
933
497
497
947
168
497
497
810
368
497
159
497
159
497
497
933
810
497
933
497
810
168
497
497
497
933
810
497
497
497
933
933
368
159
933
159
933
497
497
497
933
168
168
168
497
368
933
168
168
497
497
497
497
497
497
159
168
168
497
159
159
159
168
933
168
159
497
933
159
810
947
933
810
159
168
933
159
497
933
933
168
497
168
168
159
368
810
168
168
497
497
159
497
497
497
806
933
497
159
168
497
168
168
159
497
933
168
806
497
497
159
168
168
159
933
